[Gradient Presets]
Count=10
Default=hsv,0;0;1;1,0.5;0.75,0;0;0.25;1;0.5;0;0.75;1
Preset 0=Aqua,rgb,0;0;0.335897;0;0.502564;1;0.661538;0,0;0;0.123077;0;0.323077;0.785714;0.5;1;0.692308;0.8;0.876923;0,0;0;0.202564;1;0.838462;1
Preset 1=Black & White,rgb,0;0;0.5;1,0;0;0.5;1,0;0;0.5;1
Preset 2=Fire,rgb,0;0;0.2;0.914286;0.817949;0.928571,0;0;0.123077;0;0.35641;0.885714;0.5;1;0.648718;0.885714;0.876923;0,0;0;0.325641;0;0.502564;1;0.676923;0
Preset 3=Ice,rgb,0;0;0.133333;0;0.289744;0.671429;0.502564;1;0.7;0.714286;0.871795;0,0;0;0.307692;0.0285714;0.5;1;0.684615;0,0;0;0.192308;1;0.823077;1
Preset 4=Lemon,rgb,0;0;0.146154;0;0.3;0.828571;0.497436;1;0.707692;0.814286;0.861538;0,0;0;0.179487;0.885714;0.5;1;0.820513;0.928571,0;0;0.325641;0;0.502564;1;0.676923;0
Preset 5=Neon,hsv,0;0.0769231;1;0.855769,0.5;1,0.0974359;0;0.176923;1;0.25641;0.0192308;0.435897;0;0.5;1;0.569231;0;0.748718;0;0.833333;1;0.897436;0
Preset 6=Pastel,hsv,0;0;0.151282;0;0.407692;1;0.5;1;0.592308;1;0.851282;0,0;0;0.5;1,0;0;0.248718;0.653846;0.502564;1;0.746154;0.653846
Preset 7=Spectrum,hsv,0;0;0.338462;1;0.338462;0;0.671795;1;0.671795;0;1;1,0.5;1,0;0;0.120513;0.384615;0.379487;0.673077;0.502564;1;0.648718;0.711538;0.917949;0.25
Preset 8=Sunrise,rgb,0;0;0.251282;0.7;0.5;1;0.748718;0.685714,0;0;0.502564;1,0;0;0.182051;0.771429;0.341026;0.4;0.5;1;0.684615;0.371429;0.805128;0.757143
Preset 9=Tricolor,rgb,0;0;0.161538;1;0.325641;0,0.323077;0;0.502564;1;0.676923;0,0.682051;0;0.84359;1;1;0

